loss: [1.0332361459732056, 0.6250962615013123, 0.537746250629425, 0.34022679924964905, 0.26475587487220764, 0.24557672441005707, 0.23666304349899292, 0.23117415606975555, 0.22544342279434204, 0.22046007215976715, 0.21964670717716217, 0.2150781750679016, 0.20990750193595886, 0.2073451280593872, 0.20231014490127563, 0.20442450046539307, 0.20005695521831512, 0.19942985475063324, 0.19806478917598724, 0.19438549876213074, 0.1932976394891739, 0.19404321908950806, 0.189799502491951, 0.19349470734596252, 0.1906859129667282, 0.1895492821931839, 0.18890033662319183, 0.18906234204769135, 0.1924847960472107, 0.18661433458328247]
dice_coef: [0.016961870715022087, 0.04562992975115776, 0.15119734406471252, 0.493196964263916, 0.6237859725952148, 0.6550211310386658, 0.6711311340332031, 0.6822656989097595, 0.6906410455703735, 0.6993041634559631, 0.7030017971992493, 0.7099497318267822, 0.7172830700874329, 0.7210017442703247, 0.7285640835762024, 0.726301908493042, 0.7324644327163696, 0.7333229184150696, 0.7366887331008911, 0.7411004304885864, 0.7415421605110168, 0.7426508665084839, 0.7466766238212585, 0.743732213973999, 0.7476963400840759, 0.7491021156311035, 0.7504351735115051, 0.7506853342056274, 0.7490320205688477, 0.7550249099731445]
iou: [0.008781888522207737, 0.02352529764175415, 0.07945568114519119, 0.2998504042625427, 0.4217970371246338, 0.4582675099372864, 0.47632962465286255, 0.48732203245162964, 0.49685201048851013, 0.5050903558731079, 0.5090876221656799, 0.516071617603302, 0.523788332939148, 0.5285884737968445, 0.5349854230880737, 0.534443199634552, 0.5406895875930786, 0.5429363250732422, 0.5473605990409851, 0.552581250667572, 0.5535887479782104, 0.5539350509643555, 0.5593797564506531, 0.5557640790939331, 0.5610138177871704, 0.5621954798698425, 0.5639855265617371, 0.5660613775253296, 0.5644408464431763, 0.571469247341156]
val_loss: [0.6111717224121094, 0.39810726046562195, 0.30827298760414124, 0.31109654903411865, 0.3287079632282257, 0.3066314458847046, 0.3286747336387634, 0.3215157687664032, 0.3626419007778168, 0.30782148241996765, 0.34367406368255615, 0.36027178168296814, 0.3385641574859619, 0.3440261483192444, 0.46247053146362305, 0.3476771116256714, 0.4422420561313629, 0.41756483912467957, 0.32574090361595154, 0.5356652736663818, 0.30332520604133606, 0.4374689757823944, 0.48974984884262085, 0.3886497914791107, 0.4544176757335663, 0.49051520228385925, 0.308117151260376, 0.6127719283103943, 0.5173579454421997, 0.3050348460674286]
val_dice_coef: [0.007083897642791271, 0.37613376021385193, 0.5224743986129761, 0.5172151827812195, 0.4919093155860901, 0.5267950201034546, 0.4901969337463379, 0.5030954384803772, 0.43223761558532715, 0.5235391759872437, 0.46230514883995056, 0.43650378823280334, 0.4717701280117035, 0.46236162424087524, 0.2689934575557709, 0.4600310528278351, 0.30365516781806946, 0.3437280559539795, 0.4950109624862671, 0.1493441665172577, 0.5347759628295898, 0.3094906413555145, 0.2262266480922699, 0.3906626307964325, 0.2826301956176758, 0.2219818139076233, 0.5247119569778442, 0.030907750129699707, 0.17847425282001495, 0.5299637222290039]
val_iou: [0.0049025556072592735, 0.2331577092409134, 0.33532320499420166, 0.3402395451068878, 0.3409908616542816, 0.35907896399497986, 0.3226055407524109, 0.33203529357910156, 0.25210084557533264, 0.3675484263896942, 0.31523632049560547, 0.3157344365119934, 0.32639952540397644, 0.3200148844718933, 0.228676056265831, 0.32946165442466736, 0.2455111050605774, 0.2504222595691681, 0.3391363823413849, 0.15372132301330566, 0.3421594703197479, 0.2447341585159302, 0.19959815382957458, 0.28333043098449707, 0.23675840139389038, 0.19851799845695496, 0.3524303936958313, 0.08345056116580963, 0.178548122048378, 0.3782753551006317]