loss: [0.7755589485168457, 0.4222824275493622, 0.28088146448135376, 0.270651251077652, 0.2645534574985504, 0.25829198956489563, 0.2551012933254242, 0.25268155336380005, 0.2499280720949173, 0.2478407919406891, 0.24547868967056274, 0.2440553903579712, 0.2419862598180771, 0.2408691942691803, 0.24065108597278595, 0.24013696610927582, 0.23725877702236176, 0.23710142076015472, 0.23691672086715698, 0.2351473867893219, 0.23408693075180054, 0.23269830644130707, 0.23228822648525238, 0.2314586490392685, 0.2311450093984604, 0.22976529598236084, 0.22898095846176147, 0.227705717086792, 0.22851553559303284, 0.22945968806743622]
dice_coef: [0.016092363744974136, 0.33861780166625977, 0.5828020572662354, 0.6001585125923157, 0.6099317669868469, 0.6184061169624329, 0.6234894394874573, 0.6275578141212463, 0.6318236589431763, 0.6350947618484497, 0.6379873752593994, 0.6400703191757202, 0.6428282260894775, 0.6448801755905151, 0.6456979513168335, 0.6482573747634888, 0.6522809267044067, 0.6527711153030396, 0.6540133357048035, 0.6564924120903015, 0.6580484509468079, 0.6604529023170471, 0.6607819199562073, 0.6627640128135681, 0.6633111238479614, 0.6653299331665039, 0.666479766368866, 0.668194055557251, 0.6670471429824829, 0.6669776439666748]
iou: [0.008602778427302837, 0.21182817220687866, 0.40504372119903564, 0.4239225387573242, 0.43325966596603394, 0.4405902624130249, 0.44629141688346863, 0.449516624212265, 0.4528009593486786, 0.4559028148651123, 0.4584059715270996, 0.4587392210960388, 0.46239951252937317, 0.4638238251209259, 0.46483272314071655, 0.46612444519996643, 0.469414085149765, 0.4697228968143463, 0.47086694836616516, 0.4736056327819824, 0.4738784730434418, 0.47573375701904297, 0.4766729176044464, 0.4788939654827118, 0.4790322184562683, 0.4803381860256195, 0.4825592637062073, 0.48250219225883484, 0.4826478064060211, 0.4826878011226654]
val_loss: [0.6779976987838745, 0.6223868632316589, 0.616532793045044, 0.39649497509002686, 0.31560744881629944, 0.43712239503860474, 0.29230680108070374, 0.30254738569259644, 0.2928942942619324, 0.3135167860984802, 0.30032586097717285, 0.36235283851623535, 0.30970906257629395, 0.30386712193489075, 0.3886615538597107, 0.3384960198402405, 0.3403900468349457, 0.39129444003105164, 0.4060357117652893, 0.2874056303501129, 0.35282898902893066, 0.311728378534317, 0.31054880261421204, 0.31017260789871216, 0.3596749210357666, 0.3623488450050354, 0.33252646565437317, 0.35728522181510925, 0.4197771155834198, 0.3213583433628082]
val_dice_coef: [0.004449829924851656, 0.004082192201167345, 0.0071326433680951595, 0.38606375455856323, 0.522583544254303, 0.322414755821228, 0.5621141195297241, 0.5464575886726379, 0.5615960359573364, 0.5264813899993896, 0.5514625310897827, 0.44989654421806335, 0.5338866710662842, 0.5488789677619934, 0.4021136164665222, 0.48666948080062866, 0.4844759404659271, 0.40407195687294006, 0.37844645977020264, 0.5703657269477844, 0.49886396527290344, 0.5298073291778564, 0.5306666493415833, 0.5355902314186096, 0.45425713062286377, 0.4478890001773834, 0.49756529927253723, 0.45599767565727234, 0.35706865787506104, 0.5147812962532043]
val_iou: [0.00265229819342494, 0.002682184102013707, 0.014654460448771715, 0.21844173967838287, 0.3407120108604431, 0.2238997220993042, 0.39446887373924255, 0.3764704167842865, 0.39289590716362, 0.3684374988079071, 0.3944021463394165, 0.33189657330513, 0.385874480009079, 0.3871423304080963, 0.28822845220565796, 0.34687504172325134, 0.34337419271469116, 0.2798555791378021, 0.2670789062976837, 0.38035133481025696, 0.3484763503074646, 0.37317317724227905, 0.3616471290588379, 0.3523224890232086, 0.313709020614624, 0.3228887617588043, 0.3386821448802948, 0.32581955194473267, 0.2959411334991455, 0.3580170273780823]