loss: [1.6128872632980347, 1.0840015411376953, 0.9935595393180847, 0.905055582523346, 0.6682220101356506, 0.4515228867530823, 0.3830537796020508, 0.361371248960495, 0.3432859480381012, 0.3327568769454956, 0.32444992661476135, 0.31407684087753296, 0.309724360704422, 0.3028356432914734, 0.29985302686691284, 0.2956934869289398, 0.2894474267959595, 0.28702837228775024, 0.2814318537712097, 0.2788200080394745, 0.2798101305961609, 0.2740437984466553, 0.2715279459953308, 0.2741917371749878, 0.2703978717327118, 0.268451988697052, 0.2723286747932434, 0.27082377672195435, 0.26520347595214844, 0.2685469686985016]
dice_coef: [0.010330259799957275, 0.018444910645484924, 0.038596175611019135, 0.11652407795190811, 0.36565080285072327, 0.5971137285232544, 0.6656571626663208, 0.6867131590843201, 0.7039885520935059, 0.7142482995986938, 0.7236754298210144, 0.7328568696975708, 0.7394765615463257, 0.7463389039039612, 0.7509061098098755, 0.7551476955413818, 0.7602941393852234, 0.7624233961105347, 0.7684647440910339, 0.7699851393699646, 0.7705100178718567, 0.775323748588562, 0.7770026922225952, 0.7755703926086426, 0.778941810131073, 0.7805704474449158, 0.7773351669311523, 0.7808347344398499, 0.7853379249572754, 0.782470703125]
iou: [0.005192657001316547, 0.009311591275036335, 0.019705872982740402, 0.06238625571131706, 0.22749200463294983, 0.42722567915916443, 0.49929529428482056, 0.523216962814331, 0.5434724688529968, 0.5558217763900757, 0.5672438144683838, 0.5785760879516602, 0.5868560671806335, 0.5954830050468445, 0.6013584136962891, 0.6068141460418701, 0.6135663986206055, 0.6163091063499451, 0.6242667436599731, 0.6261932849884033, 0.6269153356552124, 0.6333228349685669, 0.6354457139968872, 0.633602499961853, 0.6380806565284729, 0.6402996778488159, 0.6359760761260986, 0.6406936049461365, 0.6467353701591492, 0.6428527235984802]
val_loss: [1.1949597597122192, 1.0470836162567139, 1.0198893547058105, 1.0249450206756592, 1.03847074508667, 0.9441289901733398, 0.855758011341095, 0.7714425921440125, 0.6553933620452881, 0.6021726727485657, 0.5156994462013245, 0.5609023571014404, 0.5122242569923401, 0.5565161108970642, 0.5494168996810913, 0.5598096251487732, 0.4972240626811981, 0.515025794506073, 0.6234819889068604, 0.6498060822486877, 0.6031442284584045, 0.5667998194694519, 0.5379050970077515, 0.740971028804779, 0.5293454527854919, 0.5304266214370728, 0.6264493465423584, 0.707398533821106, 0.5368001461029053, 0.5856252908706665]
val_dice_coef: [0.0023361686617136, 0.0020509250462055206, 0.0019862200133502483, 0.002069339156150818, 0.004183641169220209, 0.10608385503292084, 0.19384510815143585, 0.2761958837509155, 0.39442178606987, 0.4468134641647339, 0.5303353667259216, 0.48675116896629333, 0.5355201363563538, 0.4939929246902466, 0.49998441338539124, 0.4931909143924713, 0.5505225658416748, 0.5332220196723938, 0.42529332637786865, 0.398082971572876, 0.44450584053993225, 0.48029401898384094, 0.5111316442489624, 0.30678021907806396, 0.5193924307823181, 0.516889214515686, 0.42355215549468994, 0.3411613702774048, 0.5101259350776672, 0.4642738699913025]
val_iou: [0.0011694536078721285, 0.001026517478749156, 0.0009940991876646876, 0.001035743043757975, 0.0020962352864444256, 0.05618550628423691, 0.1076173335313797, 0.16032828390598297, 0.2459745556116104, 0.2881872057914734, 0.36127030849456787, 0.32204684615135193, 0.36597731709480286, 0.32852333784103394, 0.33377063274383545, 0.32765159010887146, 0.3801954388618469, 0.36407211422920227, 0.2703019976615906, 0.24885110557079315, 0.28667640686035156, 0.3165971040725708, 0.34376049041748047, 0.18139690160751343, 0.3510185778141022, 0.348945677280426, 0.2696186304092407, 0.2061559557914734, 0.3430339992046356, 0.3035258650779724]
