loss: [1.0253511667251587, 0.6461986303329468, 0.5912613868713379, 0.466934472322464, 0.29403549432754517, 0.25823119282722473, 0.2447528839111328, 0.23783665895462036, 0.23208560049533844, 0.23891694843769073, 0.2280483990907669, 0.22321821749210358, 0.21782256662845612, 0.21378882229328156, 0.2168356329202652, 0.21300595998764038, 0.21052154898643494, 0.20729835331439972, 0.20583465695381165, 0.20665153861045837, 0.20553983747959137, 0.2020125687122345, 0.20208194851875305, 0.2008970081806183, 0.2017829418182373, 0.19840070605278015, 0.19670370221138, 0.19776871800422668, 0.1931627094745636, 0.19061315059661865]
dice_coef: [0.006847424432635307, 0.01594189554452896, 0.056731220334768295, 0.266489714384079, 0.5768856406211853, 0.6366031169891357, 0.6582592129707336, 0.668740451335907, 0.6755475401878357, 0.6723527908325195, 0.6872205138206482, 0.6914215087890625, 0.6954190731048584, 0.7010800838470459, 0.6986352801322937, 0.7044810652732849, 0.7072227001190186, 0.7100648283958435, 0.7133173942565918, 0.7135500907897949, 0.7160618901252747, 0.7193028926849365, 0.7196836471557617, 0.7214402556419373, 0.7205788493156433, 0.7263131141662598, 0.7289736866950989, 0.7292638421058655, 0.7348504662513733, 0.7386444211006165]
iou: [0.0036136654671281576, 0.008351999334990978, 0.02918943203985691, 0.14878441393375397, 0.3763660490512848, 0.43868330121040344, 0.4631529152393341, 0.4731084406375885, 0.4802635908126831, 0.4787154495716095, 0.4925132095813751, 0.4971897304058075, 0.5006999373435974, 0.5071165561676025, 0.5047962665557861, 0.5096768736839294, 0.5119189023971558, 0.5163353085517883, 0.5197853446006775, 0.5219995379447937, 0.5223268270492554, 0.526494026184082, 0.5260996222496033, 0.5290034413337708, 0.5280575156211853, 0.5320701003074646, 0.5359113216400146, 0.5365540385246277, 0.5429995059967041, 0.5476670861244202]
val_loss: [0.6991906762123108, 0.6452096104621887, 0.6167178750038147, 0.4079219102859497, 0.46394073963165283, 0.4582566022872925, 0.424185574054718, 0.38564351201057434, 0.6367597579956055, 0.6389831304550171, 0.5755157470703125, 0.5602957010269165, 0.42638903856277466, 0.4004417061805725, 0.3750779926776886, 0.41120103001594543, 0.4374019503593445, 0.3364628553390503, 0.4667011797428131, 0.646741509437561, 0.5028144717216492, 0.3682071268558502, 0.6377472877502441, 0.3850981295108795, 0.3814609944820404, 0.46589934825897217, 0.44087445735931396, 0.4386836886405945, 0.47806286811828613, 0.5273629426956177]
val_dice_coef: [0.006762988865375519, 0.006375127471983433, 0.005808609072118998, 0.377088725566864, 0.2978958189487457, 0.3067837953567505, 0.36292293667793274, 0.42552199959754944, 0.02141719125211239, 0.022904273122549057, 0.11923716962337494, 0.14136774837970734, 0.3599088490009308, 0.3991802930831909, 0.44583553075790405, 0.38197779655456543, 0.33776482939720154, 0.509877622127533, 0.289701372385025, 0.0010747306514531374, 0.23282890021800995, 0.4553435742855072, 0.007822223007678986, 0.4268515110015869, 0.43375033140182495, 0.29431766271591187, 0.3364708721637726, 0.34243243932724, 0.27455970644950867, 0.1934681385755539]
val_iou: [0.003652005922049284, 0.0035403345245867968, 0.0046745650470256805, 0.1977251023054123, 0.17908480763435364, 0.19596804678440094, 0.23091697692871094, 0.2977614104747772, 0.08898358047008514, 0.06911356747150421, 0.14090487360954285, 0.13922515511512756, 0.2738990783691406, 0.28730687499046326, 0.28704988956451416, 0.27787289023399353, 0.2614668011665344, 0.350694477558136, 0.21598371863365173, 0.0670204609632492, 0.19465675950050354, 0.3107076585292816, 0.07357149571180344, 0.3119939863681793, 0.30927401781082153, 0.23448964953422546, 0.2518576979637146, 0.27174994349479675, 0.211172416806221, 0.17332319915294647]
