loss: [0.811999499797821, 0.4218044579029083, 0.2813572287559509, 0.26419681310653687, 0.25577816367149353, 0.24825222790241241, 0.24719783663749695, 0.2428538203239441, 0.24086186289787292, 0.23746202886104584, 0.2349308431148529, 0.2304358184337616, 0.22973895072937012, 0.22778913378715515, 0.2250857800245285, 0.22240683436393738, 0.2196047604084015, 0.2178552895784378, 0.21695560216903687, 0.2143506109714508, 0.21310317516326904, 0.21265460550785065, 0.21165096759796143, 0.2128935605287552, 0.20718273520469666, 0.2072751820087433, 0.20637869834899902, 0.20687276124954224, 0.2062535583972931, 0.20542676746845245]
dice_coef: [0.03414984792470932, 0.3603609800338745, 0.6135483980178833, 0.6431577205657959, 0.6546776294708252, 0.6641658544540405, 0.6685660481452942, 0.6739465594291687, 0.6785467267036438, 0.6823202967643738, 0.6860657930374146, 0.6917146444320679, 0.6938217878341675, 0.6982977986335754, 0.701444149017334, 0.7053471803665161, 0.7097972631454468, 0.7125078439712524, 0.7131554484367371, 0.7176428437232971, 0.719258725643158, 0.7216428518295288, 0.7230088114738464, 0.7229300737380981, 0.729246973991394, 0.7287620306015015, 0.7295371294021606, 0.7308279275894165, 0.7316358685493469, 0.7335720062255859]
iou: [0.01772340014576912, 0.21375791728496552, 0.41593241691589355, 0.44988900423049927, 0.4631299376487732, 0.47306424379348755, 0.47883719205856323, 0.4835360050201416, 0.4879215359687805, 0.4918751120567322, 0.49691444635391235, 0.5038434863090515, 0.5046652555465698, 0.5086420178413391, 0.5125759840011597, 0.5153602361679077, 0.5201963782310486, 0.5218774080276489, 0.5229402780532837, 0.528978168964386, 0.5307486653327942, 0.5320013165473938, 0.5327312350273132, 0.5334881544113159, 0.5408099889755249, 0.5395836234092712, 0.5411420464515686, 0.5422049760818481, 0.5433092713356018, 0.5467008352279663]
val_loss: [0.6276844143867493, 0.5185487270355225, 0.36065781116485596, 0.380352646112442, 0.34920015931129456, 0.2974223792552948, 0.33577653765678406, 0.31164708733558655, 0.38385578989982605, 0.309346467256546, 0.30773431062698364, 0.32749345898628235, 0.3037019670009613, 0.343242883682251, 0.30536511540412903, 0.41809648275375366, 0.34610503911972046, 0.32515600323677063, 0.35542404651641846, 0.35400527715682983, 0.4023558497428894, 0.3166391849517822, 0.3236764371395111, 0.3856489360332489, 0.3258534371852875, 0.34584781527519226, 0.32800617814064026, 0.3196144104003906, 0.33196374773979187, 0.33834826946258545]
val_dice_coef: [0.0020185201428830624, 0.21285909414291382, 0.4788168966770172, 0.4431178867816925, 0.49183404445648193, 0.5776057839393616, 0.5111491084098816, 0.5544558763504028, 0.4311949610710144, 0.5577160120010376, 0.5585191249847412, 0.5242944955825806, 0.5699552297592163, 0.4990333318710327, 0.5617076754570007, 0.3745569884777069, 0.4936264157295227, 0.5283468961715698, 0.47892794013023376, 0.4809282124042511, 0.405029296875, 0.5428769588470459, 0.532997190952301, 0.431235134601593, 0.527594804763794, 0.49222251772880554, 0.5239652395248413, 0.5372846126556396, 0.517143964767456, 0.5064264535903931]
val_iou: [0.001859705662354827, 0.13573715090751648, 0.2836444675922394, 0.26394182443618774, 0.30592381954193115, 0.3932550847530365, 0.31258323788642883, 0.3572124242782593, 0.26574546098709106, 0.3567737638950348, 0.3532150983810425, 0.31536173820495605, 0.3777303397655487, 0.29905468225479126, 0.35468244552612305, 0.2567356526851654, 0.31274718046188354, 0.3309445083141327, 0.3113934099674225, 0.2920812666416168, 0.2805260717868805, 0.35566475987434387, 0.3528937101364136, 0.2585332989692688, 0.34386610984802246, 0.30973491072654724, 0.3316623270511627, 0.3513749837875366, 0.31969815492630005, 0.3258587419986725]
