loss: [0.8667997121810913, 0.5844616889953613, 0.3667742609977722, 0.2901340425014496, 0.2772015631198883, 0.27092939615249634, 0.26125434041023254, 0.25873690843582153, 0.2542256712913513, 0.25274938344955444, 0.24848690629005432, 0.24516956508159637, 0.2448117583990097, 0.2386658787727356, 0.2377609759569168, 0.2362663745880127, 0.23403652012348175, 0.23229055106639862, 0.23108075559139252, 0.22729000449180603, 0.22624757885932922, 0.22365200519561768, 0.22438134253025055, 0.22209572792053223, 0.2194768339395523, 0.2170584797859192, 0.2179633378982544, 0.21618372201919556, 0.21593663096427917, 0.21541006863117218]
dice_coef: [0.012399477884173393, 0.07095219194889069, 0.4525093138217926, 0.587243914604187, 0.6099117994308472, 0.6209248304367065, 0.6310945749282837, 0.6365535259246826, 0.6421990990638733, 0.6461092233657837, 0.651247501373291, 0.6567432284355164, 0.657241702079773, 0.666110634803772, 0.6679500341415405, 0.6711269021034241, 0.6738004684448242, 0.6765002608299255, 0.6790482997894287, 0.6837347745895386, 0.6862202882766724, 0.6904875040054321, 0.6892460584640503, 0.6941964030265808, 0.6978253126144409, 0.7014452815055847, 0.7011907696723938, 0.7039070725440979, 0.7049542665481567, 0.7066575288772583]
iou: [0.006540690548717976, 0.037305064499378204, 0.28406259417533875, 0.3998585045337677, 0.42071348428726196, 0.43032002449035645, 0.44040998816490173, 0.44556742906570435, 0.45049118995666504, 0.45372000336647034, 0.4576530456542969, 0.46223360300064087, 0.4627611041069031, 0.47122716903686523, 0.4716549813747406, 0.4760169982910156, 0.47758668661117554, 0.4806503355503082, 0.4817136228084564, 0.4866515100002289, 0.4874403476715088, 0.4910457730293274, 0.4894479215145111, 0.4943992495536804, 0.4970226287841797, 0.5010391473770142, 0.4999173581600189, 0.5024789571762085, 0.5041088461875916, 0.5053415298461914]
val_loss: [0.6568618416786194, 0.5831944942474365, 0.385284423828125, 0.5258248448371887, 0.3576827049255371, 0.4677218496799469, 0.43043947219848633, 0.3770941495895386, 0.37648263573646545, 0.42919203639030457, 0.3342822194099426, 0.44234374165534973, 0.3544132113456726, 0.36476778984069824, 0.4978022873401642, 0.3816223442554474, 0.5408804416656494, 0.3207255005836487, 0.44582343101501465, 0.5191591382026672, 0.4120999574661255, 0.3512481451034546, 0.42950522899627686, 0.3483297824859619, 0.44443514943122864, 0.5183112621307373, 0.5648742318153381, 0.5238254070281982, 0.43336233496665955, 0.5611737966537476]
val_dice_coef: [0.0074556078761816025, 0.06329397112131119, 0.4272700250148773, 0.19608919322490692, 0.48044487833976746, 0.2941143810749054, 0.35190752148628235, 0.43838047981262207, 0.44719281792640686, 0.3548904359340668, 0.5124594569206238, 0.330909788608551, 0.4773483872413635, 0.4577377438545227, 0.24348914623260498, 0.4303049147129059, 0.17013320326805115, 0.5313265323638916, 0.323289692401886, 0.20513921976089478, 0.3832601308822632, 0.4814416170120239, 0.3555793762207031, 0.4879225194454193, 0.3296760320663452, 0.20716515183448792, 0.13111546635627747, 0.19729648530483246, 0.3493987023830414, 0.13927648961544037]
val_iou: [0.004088974092155695, 0.0332009457051754, 0.2542826235294342, 0.13490888476371765, 0.28381794691085815, 0.17774313688278198, 0.23787426948547363, 0.24593514204025269, 0.3216666281223297, 0.2377001792192459, 0.3250322937965393, 0.22346234321594238, 0.3163738548755646, 0.2765521705150604, 0.18387144804000854, 0.2626456320285797, 0.14297553896903992, 0.3647851049900055, 0.21033786237239838, 0.155775785446167, 0.24963589012622833, 0.2856154143810272, 0.2440597265958786, 0.3047178089618683, 0.23469369113445282, 0.15396928787231445, 0.12433038651943207, 0.15323948860168457, 0.21835215389728546, 0.13332931697368622]
